the: [ 0.00062413 -0.00382045  0.07099112  0.08796427 -0.09052301 -0.0755976
  0.08001347  0.10261368 -0.07381074 -0.04720736]
of: [ 0.07931854 -0.01969854 -0.03028078  0.06334713 -0.04573514 -0.02144991
  0.04170937  0.01996038 -0.10050719 -0.10174976]
to: [ 0.07662297  0.04815442  0.07767725  0.00712688  0.06510156 -0.03657908
 -0.00060379  0.06418716 -0.0866849  -0.04400233]
and: [-0.07063366 -0.01301623  0.10652997 -0.07484358 -0.02145256 -0.02212531
  0.08960581 -0.05166261 -0.01200375 -0.05359119]
Ukraine: [-0.09205844  0.0464282  -0.07578017 -0.04518883  0.00150194 -0.00538334
 -0.0677528   0.10337251  0.03690775  0.08665959]
a: [-0.07804861  0.04207525 -0.03082664  0.00754697  0.08628337 -0.04641682
  0.0535861  -0.06131484 -0.04878686  0.0896797 ]
is: [-0.01295585  0.00051873 -0.03318802 -0.07731452 -0.01314469  0.02324628
 -0.00240834  0.06070749 -0.03681872  0.01872881]
drones: [ 0.05861195  0.08048878 -0.00556748 -0.0938274   0.04615647  0.00429384
  0.08220807 -0.00166197 -0.03672458 -0.09240889]
in: [-0.00603383  0.02552417  0.06254641  0.06970774 -0.05609124  0.01695085
  0.06791119 -0.04217627 -0.041026    0.06391567]
Russian: [ 0.0201604  -0.00099911  0.04316162  0.0012694   0.09782359  0.04860378
 -0.08226579 -0.06502033 -0.00082458  0.05966864]
air: [-0.08292878  0.03366744  0.06156183  0.05715458  0.07659727 -0.0636261
  0.01920523  0.06657201 -0.04004868 -0.0663636 ]
more: [-0.00171305 -0.08625614 -0.04931637  0.07037394  0.03470015  0.07083735
  0.07422188  0.08022904 -0.04636353 -0.00915717]
on: [ 0.02539277 -0.04721573  0.08941328 -0.09905092  0.06821755  0.02862529
 -0.04497795  0.04760884 -0.02362492  0.06439312]
has: [ 0.10362246 -0.04619576  0.00257513 -0.05766153  0.03982579  0.02617863
  0.07595195  0.06612787  0.08485227  0.08890047]
than: [ 0.08153003 -0.07188462 -0.08504801 -0.00410554 -0.02974284  0.07766169
  0.06456928 -0.01098134  0.00775065  0.01405574]
Russia: [ 0.0808489  -0.09750359  0.00551566  0.03381113 -0.00851711  0.0825041
  0.09629845  0.07037742 -0.01559121  0.07314213]
are: [-0.08205859  0.02919911 -0.03805253 -0.05220715  0.03757374  0.05220738
  0.08465096 -0.05180419  0.06385646  0.06213112]
its: [-0.03455833 -0.09007764  0.06139492  0.06377821 -0.00671837 -0.06894529
 -0.06462711 -0.01980693  0.04286709 -0.04001758]
defences: [-0.09258349  0.0369092   0.05450589 -0.06461157  0.01281076 -0.0222173
  0.00474127 -0.09556827  0.02027451 -0.05021216]
their: [ 0.01363712 -0.01718174  0.0286569  -0.08011304 -0.02598748  0.02530235
  0.0583772  -0.01919749 -0.10267504  0.04144204]
we: [ 0.00376292  0.02898818 -0.06216509 -0.0145179   0.07787246  0.0720573
 -0.03132478  0.03076623 -0.09136511  0.05830501]
one: [-0.04281905 -0.03426106  0.10286812  0.00805054  0.07668723 -0.06238
  0.05966194  0.10604598 -0.09652292 -0.05610389]
missiles: [-0.06742112 -0.05137013 -0.02869344 -0.08706982  0.0808279  -0.05091229
  0.09176523  0.05858325 -0.07581625  0.03509563]
with: [ 0.0572869  -0.07568148 -0.06811022 -0.02482641 -0.08434271 -0.01718372
  0.00087579  0.0361614   0.007095   -0.01218273]
like: [-0.05275809  0.01445514 -0.00121684  0.06699251  0.04184437  0.04324554
  0.020996   -0.0209371  -0.05436768 -0.01551819]
The: [ 0.01820012 -0.02973774 -0.0604617  -0.07977655 -0.09062137 -0.06153246
 -0.00995597 -0.03664652 -0.07727707 -0.04253538]
it: [ 0.04567527 -0.03936007  0.0913159   0.0140863  -0.07135638  0.09247951
  0.08171649  0.05912068 -0.07717377  0.05476495]
that: [ 0.04305363  0.05006308  0.0500334   0.01872549 -0.03022063  0.08167658
  0.101671    0.04274461 -0.03639787 -0.00378443]
an: [ 0.0149568  -0.0866133  -0.07486662 -0.00245474  0.01344701 -0.05858733
 -0.04192455 -0.0688607   0.07491301 -0.00242761]
says: [-0.04272763  0.05480155  0.09848168 -0.04175041  0.08119039  0.0526998
  0.06408434  0.00973612  0.074114   -0.07355385]
down: [-0.07997897  0.09035792  0.00728761 -0.02111127  0.04786687 -0.04277033
  0.03485643  0.07567742  0.05021587 -0.08002692]
have: [ 0.09770747  0.04424066  0.04856755 -0.06400529  0.0857042  -0.02259646
  0.09447736 -0.04860311 -0.09109824  0.06385706]
now: [ 0.01931153 -0.02403465  0.10344825  0.0945778  -0.09662699  0.02358558
  0.06741485  0.04354667  0.01096197  0.00021381]
been: [ 0.00935552 -0.04019643 -0.06369202 -0.0217361   0.04010781  0.08762313
  0.09783243 -0.05599996 -0.101537    0.09474403]
by: [ 0.03735793  0.04915634  0.0712109  -0.02892435  0.07455114  0.02614378
  0.03580208 -0.01805264 -0.04124925 -0.0282204 ]
for: [ 0.04492285 -0.00074164 -0.09049851 -0.09687129 -0.0604593  -0.00265269
  0.02491384  0.09802973  0.04856631 -0.04528632]
can: [ 0.00500122  0.04841091  0.08142561 -0.01216117  0.04411227 -0.05945874
 -0.00402617  0.08436492 -0.02965645 -0.09945771]
at: [ 0.06022246 -0.04118008 -0.00613492  0.0997379  -0.02147178 -0.04867885
 -0.04872886  0.07326869 -0.0634164   0.01821543]
still: [-0.05060284  0.05895402  0.05042013  0.02520429 -0.01387354 -0.03007629
  0.09632806  0.0567266  -0.0302191  -0.09775287]
as: [-0.07175481 -0.01355586  0.00118883 -0.02669003  0.09836238 -0.00601721
  0.06556477 -0.06890525 -0.03567809 -0.05983399]
private: [-0.06842014  0.01065948 -0.06499786 -0.02343319  0.03878731  0.0569641
  0.01682546  0.0249739  -0.0489876   0.069293  ]
attacks: [-0.0595776   0.04418301 -0.07511688  0.01899445 -0.04859535 -0.04341558
 -0.02541819  0.06139217  0.04939549 -0.05348983]
companies: [ 0.01029382 -0.08654949  0.08387285  0.09176742 -0.026691    0.00700276
  0.01160186  0.05778399 -0.09322322  0.0030755 ]
take: [ 0.0710583   0.02078322  0.01742963 -0.09433831  0.08624353 -0.06391492
 -0.02453281  0.03946576 -0.01470759  0.01141251]
there: [ 0.01940056 -0.07031631 -0.09283845  0.08956192  0.06339941 -0.07034861
  0.03844855  0.00596206  0.04183847 -0.07316019]
Sky: [ 0.04234707  0.04127629  0.10570996 -0.04580288 -0.01327674 -0.07509741
 -0.09280921 -0.08701134 -0.01781405 -0.06778992]
drone: [ 0.05200092 -0.06393175  0.03350874  0.00677125 -0.03226133 -0.01138975
  0.10722266  0.09713287 -0.05421754  0.08723998]
guns: [-0.05343106  0.0572831  -0.02429693  0.03368957  0.03112633  0.06802351
 -0.01906394  0.09181665  0.06773411 -0.09905164]
war: [-0.07826532 -0.07847556  0.0360042  -0.02897186 -0.06870489 -0.08242873
  0.08834853  0.02447694 -0.10054547 -0.05106113]
system: [ 0.03304108 -0.04881861  0.05832472 -0.04295718  0.02710495 -0.08137444
  0.06576758  0.05145519  0.00234782  0.02741148]
defence: [-0.08530792  0.01927291 -0.00292249 -0.09369804 -0.0933631  -0.01575839
  0.04992725  0.04119934 -0.07204878 -0.0712628 ]
sophisticated: [-0.04842659 -0.0246058  -0.06646051 -0.09635447 -0.02707945 -0.0852315
 -0.05572569 -0.05317103 -0.02981019 -0.01928666]
not: [-0.08705006 -0.00993402  0.08867159  0.07581188 -0.07111352 -0.03752743
  0.03613597 -0.09166542  0.00692088  0.06162762]
We: [ 0.05927204 -0.088693   -0.03955696 -0.08153324  0.00117513  0.09177213
  0.06335378  0.05467757  0.0449745  -0.03496192]
line: [ 0.09786082 -0.07538418 -0.06735832 -0.02295136 -0.00645219 -0.03364405
 -0.0009054   0.07874329 -0.01438518 -0.01902252]
already: [ 0.03040045 -0.08569245  0.08531487  0.08470024 -0.09558339  0.02341239
  0.10402554 -0.07358867 -0.07747994 -0.08082157]
They: [ 0.08694282 -0.00874091  0.09854001 -0.08256305  0.03936123  0.02468269
  0.01306673  0.02783006 -0.08281427 -0.09776935]
this: [ 0.02584644  0.0593347   0.08727369  0.05736496 -0.00706465  0.08264884
 -0.08813842  0.03789048 -0.00533318  0.03490551]
were: [ 0.07628751 -0.06966744  0.06219106 -0.09581033 -0.00685197 -0.08786052
 -0.04606872  0.097925   -0.025501    0.02601141]
BBC: [ 0.09317765  0.08710458 -0.07488711 -0.03108133  0.09936631  0.04958888
 -0.0095298  -0.08245715  0.02124572 -0.07000128]
will: [ 0.08412961 -0.04705057 -0.0038473   0.00983845 -0.00085805  0.00986874
  0.06763837  0.00454725 -0.04079808 -0.0179525 ]
dozens: [ 0.06174255  0.01342359 -0.00055076  0.09205199 -0.04858759 -0.00964208
  0.09674174  0.07148995  0.00746539 -0.09213863]
Ruslan: [ 0.01345704 -0.02441659  0.09875927  0.01113083  0.01676503  0.02290933
 -0.01408928 -0.04619459 -0.00427498 -0.0224019 ]
remotely: [ 6.9299050e-02  8.7643795e-02 -7.3884061e-05  2.8591491e-02
 -5.9583724e-02  1.6114680e-02 -6.4079210e-02 -8.2522221e-02
 -6.7023069e-02 -9.2797339e-02]
sector: [ 0.07553092 -0.05877069  0.08749098 -0.07323086  0.03575937  0.09590349
 -0.07373525 -0.09619983 -0.04868621 -0.02916262]
all: [ 0.00029537 -0.08998246 -0.07924769  0.02785261 -0.0812674  -0.09235905
 -0.0186538  -0.08203808 -0.07827338 -0.08830157]
he: [-0.00095393 -0.04724311  0.07096198  0.01443803 -0.03224641  0.06041672
 -0.05672774 -0.04350949 -0.07834751 -0.04621467]
much: [-0.01580042  0.06365924 -0.02269863  0.04869685  0.06977445 -0.07570633
  0.04943731  0.06430481 -0.03569318  0.06330806]
how: [ 0.06396566 -0.06579788 -0.06204121  0.02468697 -0.01530304 -0.0619107
  0.10057665 -0.04739359 -0.07303713 -0.00409411]
It: [-0.02439725  0.00302096 -0.02976629 -0.00490091 -0.0060964   0.00666399
  0.08617128 -0.05378519 -0.02366986  0.0530645 ]
they: [ 0.08333864 -0.04592067  0.09522939  0.08163213 -0.04390205  0.0014471
  0.04683677 -0.03580039 -0.06113756 -0.06751344]
other: [-4.5955088e-03 -4.7484264e-03  5.0636359e-02 -2.5585171e-02
 -8.1212587e-05  2.3786260e-02  5.3491153e-02  3.2338912e-03
 -7.1010545e-02 -9.5199428e-02]
weapon: [ 0.00242427  0.06489065  0.02041112 -0.09035134 -0.07840923  0.06421888
 -0.03235555  0.0670653  -0.07445619  0.08242467]
US: [-0.06363016  0.03100039 -0.00510147 -0.06870626 -0.03191151 -0.01323532
 -0.05026358 -0.00829761 -0.08168881  0.02405006]
out: [ 0.09311527 -0.02545623 -0.00519092  0.03439856  0.0879363  -0.05999383
 -0.06498421 -0.02566428  0.08646022  0.00582398]
Map: [-0.08498146 -0.01626354  0.09996392 -0.07668127 -0.05325953  0.09170282
 -0.08556209  0.04186667  0.00024393  0.06394128]
machine: [ 0.08520675 -0.03023349 -0.03427893  0.08870114  0.0217228   0.0613621
 -0.09065326  0.09952311 -0.02034238 -0.06385417]
At: [ 0.03121893 -0.00600599  0.05189996 -0.02267551 -0.04163687  0.02183706
  0.08771265 -0.04755335  0.02114455 -0.0816766 ]
scale: [-0.06505407 -0.0064833  -0.08216368  0.02759665  0.0170268  -0.0243718
  0.05433681  0.10121169  0.07834379 -0.02150433]
In: [ 0.02188195 -0.04158881 -0.07795534  0.06258042 -0.01905948 -0.00749502
 -0.01413808 -0.04188986  0.03568801 -0.04502061]
so: [-0.09422082  0.08817258  0.04593728  0.09182794  0.06760524  0.02745896
  0.10188533 -0.04109542 -0.07254356  0.03988191]
had: [ 0.03952795 -0.05791306  0.1023514  -0.03627356  0.09613354  0.00750374
 -0.05959387 -0.01724831 -0.07935605 -0.03253744]
missile: [ 0.0122523   0.09316279  0.09860836 -0.06639949  0.03571174  0.02175835
 -0.02124295 -0.08969516  0.0048865  -0.08392254]
old: [ 0.06480602 -0.05950813  0.0604459   0.09833439 -0.00143582  0.04501342
 -0.01412006  0.07707969  0.03398379 -0.09246174]
year: [-0.02237557  0.03485733  0.00428402 -0.01194161 -0.01022896 -0.01715612
  0.01004294  0.04504773 -0.04804106 -0.04093478]
This: [ 0.00100679  0.00146923  0.00266331 -0.04804604  0.04420255 -0.02236883
  0.02435049  0.00893046  0.05517955 -0.07047015]
external: [-0.06731331 -0.04658085  0.09870328 -0.01589601 -0.09399107 -0.00618243
 -0.0409271   0.06261407 -0.10023312  0.02658639]
was: [-0.09102215  0.01107043  0.06483695  0.07415444 -0.07581832 -0.06143176
 -0.06340211 -0.07603251 -0.10117246 -0.02302304]
be: [-0.00678159 -0.07408299  0.07140782  0.01126993  0.0590332   0.01414067
  0.0113182  -0.07102519 -0.02709744  0.04184197]
never: [-0.04911976  0.00982537  0.03295998 -0.0155672   0.09984548  0.0828269
  0.02770116  0.07390599  0.05386781 -0.05780857]
supply: [-0.05043091 -0.06803857 -0.07268481  0.08229323 -0.01946642 -0.06968509
 -0.03733179  0.05526242 -0.03530646 -0.03998327]
effective: [ 0.01743307 -0.0293842  -0.0112016   0.01017976 -0.0293167   0.08424985
  0.0427702  -0.09614903  0.05718173 -0.06980664]
Ukrainian: [ 0.00912361  0.04279184 -0.04678996 -0.02122505  0.08158561 -0.04324502
 -0.07238273  0.09547289 -0.02703943 -0.04920947]
faster: [ 0.08794077  0.04130524  0.04793452  0.09195532 -0.08355676  0.05196536
  0.02359856  0.04477326  0.01239455  0.04282458]
military: [ 0.04600618  0.05969802 -0.02847818 -0.0465058  -0.00341587  0.02487081
 -0.02997004  0.06284962  0.03741583  0.07571801]
screens: [ 0.02660744  0.08032157 -0.01106981  0.08041286  0.03787289 -0.08110663
 -0.03642505 -0.0227335   0.04499647 -0.01019379]
border: [-0.0265529   0.07686024  0.09784999 -0.01618069 -0.05101988 -0.04802695
 -0.04435782 -0.0928058   0.00824607 -0.04401088]
controlled: [ 0.02725862  0.05529351 -0.03615289 -0.09628826  0.01641322 -0.06786164
  0.02781657 -0.03479935  0.06518192  0.0040645 ]
There: [ 0.03702008 -0.02875329 -0.01383175  0.07572433  0.01487041 -0.05930925
 -0.07570079  0.01467816  0.06081346  0.05418735]
up: [-0.08811579  0.0849815   0.04398629  0.07399265  0.09811133 -0.07362157
 -0.08774989  0.06039478  0.08999295  0.03348107]
So: [ 0.07224236 -0.017039    0.08399251 -0.09522901 -0.07951032 -0.06793224
 -0.03653593  0.05318591 -0.04364036 -0.08567698]
into: [ 0.08568675 -0.03889525  0.09053839 -0.04914711  0.03968765  0.04853868
  0.02757233 -0.02525419  0.02327969 -0.08498149]
designed: [-0.02570688 -0.02654991  0.07654053 -0.0352151  -0.06535183  0.0429984
 -0.00133864 -0.0329637   0.06370709  0.03629353]
attack: [-0.03793322  0.00708155  0.09482329  0.07754879  0.06443871  0.04645835
  0.02672211 -0.01605412 -0.06778127 -0.00455405]
quickly: [-0.01445448 -0.0068526  -0.05825481  0.07370856 -0.06536912 -0.07327143
 -0.02445889 -0.01263505 -0.08114579  0.00520979]
just: [-0.05216567 -0.01421121 -0.07058194  0.01910835  0.0335381  -0.00088369
 -0.05198492 -0.01479488  0.06689355  0.03546846]
SUN: [-0.08733729 -0.03488898  0.02689512  0.02097968 -0.09403626  0.04470947
 -0.08370022 -0.07178728  0.03023992 -0.03684404]
shows: [ 0.03785028  0.08783588 -0.03209609  0.09286606  0.01775881  0.09747864
  0.06069978 -0.08879755 -0.03798218  0.06362461]
these: [ 0.0573781   0.08633322  0.07207871  0.07994909 -0.0977227   0.04288404
 -0.04824414  0.03690904  0.05730252  0.04218596]
large: [ 0.07649418  0.01439812 -0.00838371  0.05718685 -0.05541549 -0.00082899
  0.09746283 -0.05221743  0.0336496  -0.08363324]
interceptor: [ 0.09891033  0.08089345  0.0154631   0.05046073  0.01490789 -0.06560759
 -0.01196108  0.06658137 -0.04956168 -0.04178994]
fitted: [ 0.05044064  0.02602222 -0.01507362 -0.0286603   0.06108919 -0.0577191
 -0.02991782 -0.06251708 -0.04599139 -0.08760066]
network: [-0.04330788 -0.08620623  0.01732681 -0.08635155 -0.0982835  -0.08219437
 -0.06514867  0.06896311  0.03361602  0.00170575]
guide: [-0.02768345 -0.07546031  0.00925451  0.00402937  0.00258537  0.00783262
  0.01143633  0.00216142 -0.08472326 -0.06071439]
sensors: [-0.08288004 -0.01458964  0.0219463   0.07338864 -0.01925141 -0.0246874
  0.09776524  0.00310101 -0.02819941  0.08408349]
uses: [ 0.02754961 -0.05454946  0.06888053  0.04461294 -0.07078941 -0.00433023
  0.01044534  0.0592098  -0.02041756 -0.02971029]
tracks: [ 0.01865572  0.00766465  0.01537779 -0.02692384 -0.05942582  0.07237815
  0.07930185  0.08545685 -0.09092092  0.0244822 ]
advantage: [-0.03478727  0.0950449   0.0335619   0.04620568  0.02429834  0.06566188
 -0.05483922  0.08106379 -0.02832209 -0.04737895]
interceptors: [-0.01947267  0.09626725 -0.06530791 -0.02206094  0.07081486 -0.00118852
 -0.06011334 -0.06194579  0.08597941  0.06319775]
mass: [ 0.04932273 -0.03364491 -0.08921336  0.03772317  0.07187514 -0.05740194
 -0.07540148 -0.02733599 -0.05373526 -0.02478579]
cheap: [-0.01810327 -0.05388833  0.09817487 -0.0936674   0.04612488  0.05305928
 -0.01089243  0.09288182  0.09463025 -0.05685641]
mobile: [-0.0590875  -0.06913236 -0.07517935 -0.0305444  -0.05555909 -0.08393449
  0.01066105  0.03296427  0.06035938 -0.02801609]
own: [-0.04341412  0.01154325  0.00719941  0.0810553   0.00221587  0.0720148
 -0.08046319  0.08583938 -0.02203332  0.08586661]
developing: [-0.07471251  0.01657308  0.01471282  0.00011907 -0.05055048 -0.09298941
 -0.07023564 -0.07757183  0.01513635  0.00330859]
also: [-0.01696711  0.07035006 -0.02173916 -0.01353993 -0.08840836 -0.0994899
  0.09176608 -0.05613449 -0.06694183  0.05058322]
Patriot: [ 0.0675517  -0.06924924  0.01295041 -0.06041807  0.0171914  -0.04398512
 -0.03173495  0.02375364  0.08292556  0.06604291]
expensive: [-0.09556515 -0.05745009  0.0828134   0.01954774 -0.04211392  0.00481024
  0.09828739 -0.00872702 -0.09884252  0.01452421]
West: [ 0.06385309  0.06188341  0.04447997 -0.05704988 -0.00320406 -0.00138101
  0.04881534 -0.07815959 -0.08442652  0.00103024]
relied: [-0.08497764  0.0567251  -0.0005672   0.09936935 -0.05330523 -0.00536989
  0.0806583  -0.03806693 -0.05456191  0.01391219]
start: [ 0.0271739  -0.02666128  0.06753499 -0.07702827  0.03404129  0.00419013
  0.09033273  0.06192589  0.06436106  0.07671531]
built: [-0.0936818   0.09458443 -0.07441717 -0.02656029 -0.0484899  -0.05025308
 -0.07790278 -0.07597017 -0.04940533 -0.01463465]
from: [-0.04946116  0.05998628 -0.09116883 -0.05295881  0.09530987  0.06954411
  0.07978851  0.04552519  0.00136604 -0.06194165]
four: [ 0.06121524  0.02551093  0.07999086  0.06356391  0.0800499   0.08569869
 -0.09644797 -0.06508978  0.01037709  0.06257351]
easy: [ 0.07516488  0.05410379  0.07999845 -0.05120478  0.06617172 -0.04146469
 -0.08759473  0.09401023  0.0092382  -0.02932224]
ballistic: [-0.02343057 -0.0434277   0.05227529  0.04316851 -0.0256801  -0.0748551
 -0.03243259 -0.00039203  0.05698946 -0.03014922]
Myronenko: [ 0.00056801  0.00746234 -0.06714869  0.02038525 -0.01390792  0.02723789
  0.05132921 -0.01116761 -0.03251142  0.07520552]
skies: [ 0.05143791  0.06624948  0.04893869  0.08692329  0.07501794 -0.01146783
  0.0906666   0.04819512  0.05027479 -0.01528298]
getting: [-0.01888594 -0.04487823 -0.08154599  0.03032714  0.08949297  0.08897932
 -0.01693169  0.06280936  0.03486221 -0.04482972]
launched: [ 0.0214222  -0.05510229  0.08542268  0.05401434  0.03212953  0.04039264
  0.08851651  0.07431176 -0.01154583 -0.07236724]
May: [ 0.08451162  0.07100853  0.02070405 -0.01357628 -0.05841485 -0.04625351
  0.08945028 -0.02903998 -0.06785144  0.09699725]
range: [ 0.07755041  0.09010636  0.01363474 -0.08361191  0.08440486 -0.03742694
  0.05911605  0.04580906  0.09408385 -0.0943473 ]
Zelensky: [ 0.09381582 -0.09429716 -0.06489028 -0.09141979 -0.05493807  0.07291739
  0.09527756 -0.03067731  0.03191915 -0.038414  ]
President: [ 0.0803851   0.0575697   0.00400504 -0.03667046 -0.07201556  0.04695917
  0.01785469 -0.02392725  0.07374286 -0.04214926]
casualties: [-0.09021283 -0.02357862  0.00500226 -0.06722905 -0.05449444 -0.08577614
  0.09554159  0.07685692 -0.00681316  0.07199888]
But: [ 0.08057559 -0.00890265  0.06959623  0.03743558  0.05092895  0.07195049
 -0.0449954  -0.02080539  0.00557273  0.04111034]
far: [ 0.03438643  0.04998977  0.04887434 -0.08483276 -0.03082444 -0.07333893
  0.09956986  0.05199667 -0.00173208  0.03946134]
front: [-0.07515572 -0.06356195  0.03302388  0.06520209  0.04041038  0.05956797
 -0.01777793 -0.03214624 -0.00083286 -0.03327218]
who: [-0.05312819 -0.07925578  0.06967155 -0.01137609 -0.01829117 -0.07870197
  0.09647334  0.01078848  0.0129158   0.0226622 ]
which: [-0.07236705  0.01586685  0.03311918 -0.08639114  0.05048747  0.02373842
  0.07808857  0.05278305 -0.03423925 -0.0735158 ]
civilians: [ 0.07249423  0.01831542  0.05502264  0.06346557  0.0197224  -0.06177717
  0.00231462  0.08459289 -0.06467199  0.09312321]
Vira: [-0.07113516  0.04134031  0.02408382  0.07439124 -0.04830256 -0.04625864
 -0.0581729   0.03533586 -0.0489877   0.08409835]
sisters: [-0.04226108 -0.09226995 -0.04524236  0.06414139 -0.06320218 -0.05312739
 -0.07020123  0.06254809  0.02959864  0.0269624 ]
Kyiv: [-0.03084949  0.05940462 -0.05853995 -0.0197583  -0.0594903  -0.01040747
 -0.01752834  0.08688784 -0.00266758 -0.0872936 ]
linking: [-0.05397539 -0.06926186  0.02841826  0.0947374  -0.05798077  0.0826168
  0.08657543 -0.06979524 -0.09029271  0.09411033]
approach: [ 0.08407221 -0.0477227  -0.06531029  0.07851838  0.03774886  0.08082698
 -0.07389142 -0.09419973  0.01389848 -0.09885279]
our: [-0.04840529 -0.03574193  0.09910484  0.08614225 -0.02824169  0.05803857
  0.08456879 -0.02111349  0.09244698  0.07032508]
about: [ 0.02091024 -0.03979633 -0.04812741 -0.03042656  0.07883506 -0.06220658
 -0.02675099  0.09372284  0.03144343  0.05926346]
Read: [-0.07984443 -0.00856454  0.05809357 -0.04701085  0.07489529  0.09286869
 -0.00177692 -0.01928229 -0.00889137 -0.05919632]
sites: [-0.08345837 -0.01635805 -0.02314245  0.04403816 -0.06878459  0.05383324
 -0.06521148 -0.07672282  0.0818623   0.08781955]
content: [-0.03435231  0.03400505 -0.05562421 -0.08782741 -0.05495501  0.06701352
  0.06603702  0.09570274  0.06810498  0.0666448 ]
responsible: [ 0.01358414 -0.09907969  0.04845683 -0.00583329  0.06350923  0.01730829
 -0.02893601  0.07922511  0.01252845 -0.00061435]
reserved: [-0.04508885 -0.08556714 -0.07466508  0.08645818 -0.08882718  0.08983839
 -0.08984137 -0.00078933 -0.02287065 -0.09081635]
rights: [ 0.08724255  0.06676252  0.03302668  0.04800051  0.00129678  0.09381317
  0.07287232 -0.09668964 -0.0478215  -0.01432085]
All: [ 0.03159551 -0.04424893  0.01712099 -0.07872178  0.02803163  0.0464884
  0.05197762 -0.02991728 -0.08770064 -0.09330093]
Copyright: [-0.00604234 -0.07405465 -0.06557332  0.06077758  0.07205992  0.0205678
 -0.07651642 -0.05554961  0.07751728  0.03828329]
jamming: [-0.05105225 -0.07489415  0.01052787  0.03427965  0.02125276  0.0304506
 -0.05359402 -0.09721043 -0.07340626  0.00105755]
electronic: [ 0.04734221  0.04431819  0.02108116  0.05152778 -0.00079113  0.04055059
 -0.08894417  0.07826559  0.05869143  0.05009095]
course: [ 0.07329348  0.08319099  0.01079576 -0.01730915  0.00530123 -0.09400337
  0.0873621  -0.06188026  0.07963229 -0.04420228]
off: [ 0.00753581 -0.09265726 -0.09267592 -0.07861091 -0.07698382  0.00294061
 -0.069261   -0.04787167 -0.0566816  -0.04423986]
knocked: [ 0.07100371  0.04722346  0.08961411  0.07066081 -0.0567489   0.07167827
 -0.09014967 -0.02436064 -0.08105181  0.04077504]
projectile: [ 0.01885705  0.06964335  0.0318156  -0.0698992   0.0775015  -0.06052634
  0.09249665  0.03107398 -0.04356324 -0.04779361]
suspects: [-0.04308802 -0.0622811   0.09667005 -0.02650926  0.07813544 -0.09723199
  0.02405722 -0.0105471   0.07182166 -0.09192277]
Estonia: [ 0.07520267 -0.05197871 -0.05780755 -0.05644818 -0.03362837 -0.03452759
 -0.02966361 -0.07343487  0.00398391 -0.00688309]
Belarus: [-0.01587728  0.03670689 -0.07391304 -0.03215278  0.05165689  0.08479585
 -0.09530549  0.07396419  0.05007572 -0.03973327]
near: [ 0.08691487 -0.0931391   0.07508615  0.0536629   0.01332151 -0.05241285
 -0.03943565 -0.03167563  0.01307746  0.01519791]
detected: [ 0.07498877  0.0990535   0.09151875 -0.04024637  0.09686993 -0.00686722
  0.05108412  0.02724501 -0.00945567  0.03570705]
suspected: [-0.05197026 -0.05838285 -0.07353119  0.01898431  0.06563057  0.00861365
  0.01494327  0.03353187  0.07826901 -0.0774634 ]
after: [ 0.02355652 -0.075317    0.03900407  0.09492876  0.07552932  0.06406357
  0.08207489  0.06690127  0.06629841  0.08623432]
shelter: [-0.04862886  0.09151785  0.05249608 -0.02146101  0.08494425  0.05053116
  0.09805979  0.02969703  0.09655564  0.01141061]
urged: [ 0.09230618  0.03519468  0.06769683 -0.03614541  0.06831399  0.07215908
 -0.01969437 -0.01673372  0.03397791 -0.07109369]
people: [ 0.09805613 -0.09839816 -0.06364062  0.02784543  0.064502   -0.05386066
  0.02869121  0.0923928  -0.06962764 -0.06153255]
suspended: [-0.0490104  -0.03752672  0.02006896  0.09660304  0.06483357  0.00360054
  0.02597982  0.08576983  0.08934849  0.05560167]
Flights: [ 0.0602688  -0.07691295 -0.03658991 -0.05712719  0.0620522  -0.0229034
 -0.08652604  0.07781195  0.08182807 -0.03419565]
Hormuz: [ 0.09193496 -0.0082079  -0.03477541 -0.00424504  0.00219863 -0.03541818
  0.02961325  0.05890412  0.06678493 -0.08990494]
Strait: [-0.02127928 -0.05562449  0.0771206   0.06465715 -0.04366712  0.02289885
 -0.0579161   0.00419365  0.0919935  -0.02730365]
blockade: [-0.05093758 -0.07481088 -0.02651256 -0.00881238  0.03550343  0.09697769
 -0.03186835  0.02095416  0.09357274  0.01388577]
due: [ 0.01081414  0.09726385  0.09577305  0.07680684 -0.06156482  0.09944515
  0.06082967  0.09283125 -0.02353516  0.0315465 ]
fuels: [ 0.06910633 -0.03994083  0.0691394   0.02544232  0.09327171 -0.03056472
 -0.02884866  0.06441302 -0.09430499 -0.07421961]
certain: [-0.06415892 -0.00825263 -0.02160301  0.06788713  0.09264695 -0.00943709
  0.01613669  0.02210379 -0.02285716 -0.0815416 ]
over: [ 0.07542183 -0.04394586  0.04804449  0.09058213  0.0306721   0.03113013
  0.04297726 -0.02488657  0.03456102  0.00199635]
concerns: [ 0.05723392  0.05406614  0.02102653  0.05729604 -0.08946083  0.06516448
  0.09501836 -0.0398873   0.01213218 -0.05386912]
increasing: [ 0.01138857  0.0269545   0.0846539   0.00534276  0.02605109  0.01225348
  0.08676562 -0.05466033 -0.0669055  -0.03788304]
reflects: [-0.02230063  0.0496383  -0.0781707  -0.02853672 -0.08153858  0.05100157
 -0.02277888 -0.0881979   0.03682645  0.08872852]
change: [-0.029765   -0.0592056   0.0337234  -0.00432812 -0.09952459  0.08366803
 -0.07067403 -0.04689048 -0.03053911 -0.05615446]
did: [ 0.01785741  0.09652657  0.04799032  0.08074592 -0.00432488  0.00586188
 -0.02441698 -0.0860601   0.03105037  0.02000732]
saying: [-0.09362446 -0.05032612 -0.09544147 -0.05740466  0.04080444  0.08562005
  0.04305441  0.02541878  0.07868227 -0.01196727]
party: [-0.01354162 -0.08811422  0.00046131 -0.02578685  0.00427434  0.07199323
 -0.06860975 -0.03779703 -0.06923185 -0.03611315]
despite: [-0.03264599  0.02087081  0.03489703 -0.04957839 -0.04504013  0.01074232
  0.0565845   0.05553611 -0.03220102 -0.04327528]
move: [-0.05561079 -0.0058706   0.0210913   0.0153041   0.07401613 -0.02784896
  0.00116597 -0.05343813 -0.01401189 -0.07781533]
ahead: [-0.00924288  0.01282605 -0.08413386  0.08748781 -0.09170174 -0.09666894
 -0.0840852   0.07453969  0.05290746  0.09161377]
him: [ 0.02637332  0.00776803 -0.02313884  0.09337813  0.02795036  0.04056831
 -0.01039143  0.01059834  0.06394795 -0.00843144]
spoke: [ 0.03410128 -0.00765652  0.05511266  0.03624067  0.02611533 -0.05374385
 -0.04522446  0.04489285 -0.0619555  -0.00284341]
Reform: [-0.00560353  0.03421041 -0.0822932   0.08798103 -0.01408424 -0.05372816
  0.04204983 -0.01777612 -0.07985099 -0.04608165]
Shuliar: [-0.00302729 -0.08991109  0.00717585  0.02433013 -0.03217654  0.02538953
  0.02589959  0.10087956  0.01305447  0.01933908]
Vladyslav: [ 0.02887014 -0.02122548 -0.08493363  0.08008544 -0.01941937 -0.0971908
 -0.06424145 -0.03814496  0.03773833  0.04938612]
group: [ 0.06210494 -0.06822508  0.00881228 -0.02791992 -0.05155025  0.06926917
  0.04125554 -0.02961517 -0.0849131  -0.05260615]
armed: [-0.00538978  0.07771396  0.06242232 -0.08485319 -0.09519493  0.07096902
 -0.02196942 -0.03558374  0.05542159 -0.05971339]
Lebanese: [ 0.05230535 -0.00290042 -0.06659696 -0.00353207  0.06423886  0.09244768
  0.02363075  0.05196842 -0.05206685 -0.00910907]
carried: [-0.05201349  0.01156872 -0.01657724 -0.03646377 -0.06971088  0.09623761
  0.03098528 -0.02182023 -0.04327324  0.07651208]
optic: [-0.06375014  0.03106055  0.00930213  0.08286723  0.06870021 -0.02949785
  0.0267562  -0.01549412 -0.09634954 -0.02689478]
fibre: [ 0.01447919  0.06507598  0.10168218  0.09005576 -0.07974955  0.06456604
 -0.05565878 -0.00845884  0.00279425  0.06514369]
videos: [ 0.04549301  0.04572195  0.09647299  0.00320563 -0.06014045 -0.06371255
  0.06560359 -0.05123749 -0.03019843  0.04007737]
examined: [-0.02241397 -0.06054493 -0.02180008  0.01169909  0.02184034  0.06046319
 -0.05096693  0.03160439  0.07077764  0.02133818]
Verify: [ 0.05438409 -0.04881702  0.06303579 -0.07607315  0.03469434 -0.09360383
 -0.02483117 -0.09009518 -0.01769493 -0.0543385 ]
Matveichuk: [-0.03893426  0.01107968  0.02978228 -0.01560408 -0.08182386 -0.05958208
  0.00947066 -0.03833613 -0.0962561  -0.00843487]
Mariana: [ 0.06677307  0.05926785 -0.09718953  0.03093884 -0.06004419 -0.09222101
  0.00326499 -0.00228202 -0.0717406  -0.0636979 ]
Levchenko: [-0.02380335  0.07045526 -0.07356159  0.07684688 -0.0047517   0.01049251
  0.09625093  0.04844692 -0.03797374  0.03621573]
Anastasiia: [ 0.03574118  0.0627087   0.00274164 -0.04448882  0.01316228 -0.05459887
  0.01607222  0.05065383  0.04894973  0.09076637]
Davies: [-0.07427726 -0.05458371  0.06679988  0.01338799 -0.06604514  0.00859735
  0.02838923 -0.0240392  -0.05208576  0.04902299]
Firle: [ 0.09674393 -0.07428019  0.00101401 -0.02574915 -0.06371181 -0.01399091
 -0.05088247  0.09186161 -0.0602296   0.0357288 ]
reporting: [-0.0019684   0.04181726  0.02309413  0.10001515  0.00645066 -0.05494323
 -0.01021027  0.02188175 -0.0358774  -0.07937042]
Additional: [-0.05566326 -0.06825734  0.06554463  0.0390494   0.0823402   0.06482748
 -0.05925453  0.02861837  0.0820632   0.0151495 ]
Lyubava: [ 0.03122419  0.05739842 -0.08654335  0.09109015  0.06883989  0.08467642
 -0.08025401  0.06359904  0.06352443 -0.01471959]
deaths: [-0.06207583  0.05237819 -0.06742606 -0.05339139  0.03588199  0.08043536
  0.08855244 -0.04272159 -0.09423813  0.09545706]
tragic: [ 0.06384625 -0.04041787 -0.08312695 -0.04748561 -0.0389402  -0.03307759
  0.00989409 -0.00146688 -0.03327558 -0.0606817 ]
meaning: [ 0.09518693 -0.04814269 -0.07103607  0.07625767  0.02579233  0.08537913
 -0.042953   -0.06750657  0.00729468 -0.01229921]
through: [-0.0925515  -0.0169175   0.03248173  0.06518962  0.06918562  0.03158319
 -0.04268303 -0.01691077 -0.04213562  0.05703618]
get: [-0.06216586  0.02021903 -0.01164878 -0.05853854 -0.07175098  0.05801325
 -0.08200404 -0.00550678  0.02593846  0.076919  ]
some: [-0.07157619  0.03230687  0.1002069  -0.06998986 -0.03465872  0.05077787
  0.05414455  0.01760928  0.07718515  0.00730732]
inevitable: [ 0.02007202 -0.01678893 -0.07882611  0.03224907  0.02010192 -0.08801635
 -0.00455234  0.00257407 -0.00303596  0.08569244]
hundreds: [-0.02386423 -0.05976979  0.07756533 -0.0730584  -0.08944499 -0.01856359
 -0.08158202  0.00537325  0.01647781 -0.02617917]
launching: [-0.06345941 -0.00411948 -0.00830146  0.03444666  0.08143393  0.05774821
  0.08642709 -0.08827342  0.0913114  -0.02516963]
By: [ 0.08767048  0.02310713  0.03812022 -0.09623967 -0.0947808   0.08912754
 -0.02739912  0.02956978  0.06136145 -0.00432374]
overwhelm: [ 0.09809947 -0.01092317 -0.09494284 -0.07112288 -0.01038244 -0.08725715
  0.07581075  0.0377108  -0.09007096  0.08352219]
warned: [ 0.09037556  0.0578809   0.07157557 -0.09568214  0.00508309 -0.0927465
 -0.03478855  0.00373943 -0.00599621  0.0134931 ]
Defending: [ 0.03312385  0.02057098  0.05495331  0.07525941 -0.05862461  0.07911125
  0.06171156  0.09893396  0.04347143 -0.03392884]
last: [-0.03724257 -0.00695473 -0.01495728  0.09837037  0.01136206  0.03923074
  0.03608929 -0.08695139  0.06464078  0.08087458]
shotguns: [-0.01626673  0.02247824 -0.06251458 -0.0616989   0.08236668 -0.03136471
  0.06983054  0.01730561 -0.02314561  0.0293325 ]
rifles: [-0.03994687 -0.01849375  0.01603152  0.04839076 -0.01402607  0.00608083
 -0.07769805  0.09618806 -0.09054255  0.06961875]
roads: [ 0.0396826  -0.07064851 -0.05014683 -0.07999375 -0.05106594  0.07004958
  0.0986383   0.02317889  0.0031824   0.09392333]
above: [-0.04904696 -0.01340001  0.0359286  -0.06459454 -0.0967629  -0.09334605
  0.09242396  0.0555104  -0.05113464 -0.08483185]
nets: [ 0.01354299  0.02831733 -0.0101004   0.01238523 -0.04278038  0.04732556
  0.01673124  0.09063221 -0.10241266 -0.05391665]
advances: [-0.09069559 -0.00382526 -0.07604072  0.05017909 -0.06385953 -0.05983138
  0.0525663  -0.08014707  0.01207414 -0.07346624]
technical: [ 0.09917369  0.08586352  0.02034633  0.05768663  0.04601067 -0.06030472
  0.09949027 -0.09550182  0.07788933  0.02648813]
Despite: [-0.02964374 -0.03616363  0.09354945 -0.05481964  0.0821201  -0.06064488
  0.08625714 -0.00417177  0.0768352  -0.03237898]
most: [0.06088341 0.08728439 0.02793439 0.012678   0.05075871 0.07947025
 0.0881274  0.08664104 0.06795031 0.07900727]
cause: [ 0.08700702 -0.00097551 -0.00740964  0.01598791  0.00035855  0.00634011
 -0.08373734 -0.09426572 -0.02583959  0.0880506 ]
target: [-0.03516859 -0.07045141  0.05127463  0.01013189  0.01893998  0.03590921
  0.03729793  0.05883796  0.00945853  0.00721205]
operators: [ 0.09172279  0.02709121 -0.04471418  0.06466694  0.05265022  0.02821843
 -0.02900259  0.0351501   0.06044771  0.06948601]
FPV: [ 0.01043867 -0.08586044  0.00441868  0.00317595  0.03989058 -0.09501167
  0.0989012  -0.06866838  0.05494358 -0.0953057 ]
view: [ 0.09717267  0.07283453  0.01415537 -0.03417509 -0.00422836  0.00403495
 -0.06273667  0.05830832  0.02125421  0.03674575]
person: [-0.07179992  0.08473596  0.00655931 -0.00215633 -0.09056586  0.04049174
  0.06914981  0.07430685 -0.06649072 -0.07937096]
first: [-0.05451836 -0.00660905 -0.0817765  -0.08260066 -0.01860063  0.01093749
 -0.09362125 -0.03659819  0.00376427  0.06731651]
small: [ 0.01796167 -0.00680208 -0.07362854 -0.06751025 -0.00661184  0.07423455
  0.05565977 -0.01430628  0.00973635 -0.09668459]
prolific: [-0.01316452 -0.04659785  0.05932331 -0.02345781 -0.04690348 -0.09514111
 -0.01067813 -0.07138549 -0.01881737 -0.04116724]
threat: [-0.02301778 -0.03297231 -0.08042925 -0.01250971  0.01762941 -0.04101568
 -0.07485273 -0.03528403 -0.09255663 -0.00833546]
deal: [ 0.05936085 -0.03004965  0.03264244  0.04999134  0.08523311  0.05538732
  0.09644891 -0.09598973 -0.08168173 -0.06859365]
struggled: [-0.07408445 -0.0798758  -0.07709674 -0.02953547  0.01434061 -0.02952925
 -0.08693063  0.05068874  0.00748819  0.04523567]
Closer: [ 0.07250194  0.07616439 -0.0064274   0.03636863 -0.05100676  0.01880726
  0.04677441  0.10004292 -0.03374712  0.02760566]
short: [-0.05667921 -0.02254289  0.08337421 -0.03946172 -0.01200276 -0.09328839
 -0.09287398  0.09044182 -0.05968523  0.04944546]
Iran: [-0.06906961 -0.02474906 -0.0782647   0.07452977  0.06109836  0.05213205
  0.08550996 -0.00538616 -0.09525111  0.0904405 ]
With: [-0.04844172  0.07827055  0.05746374 -0.0112611  -0.07645248 -0.01538416
  0.06433169 -0.06814287  0.01236595 -0.08016717]
only: [ 0.08771931 -0.0290518   0.09618007 -0.05775046 -0.09675923 -0.08695641
 -0.03922255  0.04822838 -0.00439046  0.0915852 ]
made: [ 0.03137286  0.03667134  0.03196292  0.08111524 -0.02334119  0.07356985
 -0.0939049   0.03043564 -0.0091776   0.00401531]
needs: [ 0.06857166 -0.02919935 -0.02175577 -0.00112779 -0.00452251 -0.03624972
  0.06345517 -0.06476336  0.07713243 -0.00150713]
highly: [ 0.02649235  0.03164027 -0.00073894  0.01724601 -0.03115441  0.04725946
  0.00393594 -0.03181023 -0.08982325 -0.10071281]
lack: [ 0.00334031 -0.05809672 -0.00919084 -0.04194551 -0.08623386  0.01028188
  0.06035162 -0.02126599 -0.0738193   0.03084522]
end: [-0.00326497 -0.05577491 -0.00911161 -0.00629801 -0.03148357 -0.09984445
  0.07809705  0.03830655 -0.02769662  0.07235465]
gaps: [ 0.00479809  0.07111536 -0.01414439  0.07507219 -0.00042856 -0.06084041
 -0.04592     0.09708706  0.00393073  0.00985089]
glaring: [ 0.08504567 -0.06340528 -0.01613479 -0.08188515 -0.06654714 -0.08606089
  0.04088057  0.02858669  0.05413146  0.02538281]
locations: [ 0.02189756  0.05672323 -0.01980611  0.03171773  0.08508213  0.00342427
  0.06406724 -0.0665011   0.06442119  0.04642566]
identify: [ 0.05143225 -0.0999367  -0.00231655  0.03200725 -0.05795771 -0.06710537
  0.06491632 -0.06731289 -0.05369991  0.08043428]
decoy: [-0.06958886  0.08480573  0.00818994  0.04401096 -0.02994416 -0.05435028
 -0.08861981 -0.0053807  -0.05286411 -0.03151806]
flying: [ 0.08172312 -0.07718451 -0.06151016 -0.05270667 -0.06589133 -0.08840834
 -0.01021567  0.09558411  0.07849106 -0.0534875 ]
powered: [-0.08054212 -0.02358931 -0.0906781  -0.05101712 -0.05925022  0.03006538
 -0.0747778   0.01346345  0.02062757  0.0522522 ]
jet: [-0.01944234 -0.09878488  0.05466705 -0.05934541  0.04927706  0.01947734
  0.08943707  0.01652522 -0.02083115  0.06404217]
gain: [-0.07043173 -0.08458541  0.04033723 -0.0260305  -0.04152828 -0.01947542
 -0.09753494  0.00368131 -0.01274189 -0.03080417]
possible: [ 0.02516677  0.04624561  0.06576734 -0.07934533 -0.04944003 -0.08818661
 -0.08814489 -0.03615037 -0.01511016 -0.08291069]
innovate: [-0.05331327 -0.02217731  0.06549232  0.01549328  0.08359666 -0.08354207
 -0.04428315 -0.00699648  0.08583689  0.01047738]
battle: [ 0.01563561  0.01231626  0.03123256 -0.09413295  0.0328344   0.054261
  0.05401082  0.04549197 -0.08285513 -0.04131577]
sides: [ 0.08416099 -0.00633726 -0.09165151  0.04756464 -0.06026101  0.06633455
  0.05533651 -0.04921846  0.02299435  0.05310117]
both: [-0.03532249 -0.01573483  0.09421236  0.0903832  -0.09356105  0.07535633
  0.10038    -0.02711692  0.0224852  -0.02906049]
result: [ 0.08687977 -0.00355964  0.0582329   0.09189668  0.04136698 -0.07149447
 -0.01790996  0.01078923  0.01822227  0.0288908 ]
As: [ 0.0951349   0.04348826  0.10103293 -0.08691996 -0.0570899   0.0196424
  0.03795997 -0.0086863  -0.07096491 -0.03278844]
fear: [-0.0845875   0.09359519  0.03872885 -0.07898203  0.0322611   0.04116542
 -0.05494885 -0.05795597  0.00818678  0.08890139]
parade: [-0.09592459 -0.00068386 -0.06691276 -0.00921463  0.03047754 -0.05077511
 -0.0264126   0.00788963 -0.06598484  0.07194851]
Day: [ 0.04459433 -0.0863645  -0.01968877  0.03164898 -0.08310165 -0.07118943
 -0.08309412 -0.05384888  0.08585813  0.06968204]
Victory: [ 0.02954493 -0.08629847  0.05917534  0.04640667  0.00147788 -0.08879019
 -0.01745634  0.00309065 -0.08010089  0.02379429]
Two: [ 0.00562898 -0.07158903 -0.08098073  0.06031879 -0.0831989  -0.05653386
  0.05739336 -0.00372219 -0.03343166 -0.05289869]
War: [-0.01140835  0.05183971 -0.05785683 -0.0497536  -0.04925725 -0.04825496
 -0.0781573  -0.09621672  0.07342436  0.07887758]
World: [-0.0419494  -0.09427156 -0.01691854 -0.0371019   0.09139956  0.02881578
 -0.0580403  -0.03222499 -0.10165308  0.01835679]
reduce: [-0.03891708 -0.02780405  0.05331818  0.07609136  0.04445858 -0.06854903
  0.06842609 -0.09497447 -0.07221192 -0.08106127]
Kremlin: [-0.02151889  0.00398838 -0.03624786  0.01838609  0.09268662  0.0666092
 -0.0091418   0.09227701  0.01343052 -0.02081894]
causing: [-0.06471078  0.06409956 -0.089193   -0.01905738  0.07770115 -0.02634704
  0.01773107 -0.07208473  0.04739775  0.07276098]
Moscow: [-0.09208526 -0.03344668  0.08034869  0.02939038  0.00069744  0.00315387
 -0.09719278  0.10094681 -0.02198151 -0.04964722]
Petersburg: [ 0.0283407   0.00959903 -0.05776267  0.05778071 -0.0244192  -0.06234096
  0.07411987  0.06606774  0.08602501  0.01062788]
St: [ 0.00596347 -0.08000752  0.04815419  0.09348884 -0.00625697 -0.01819731
 -0.03658745 -0.00345288 -0.07844602  0.05572392]
cities: [ 0.01582275  0.09231976 -0.06248519 -0.05115914 -0.06190044 -0.07359493
  0.02932039  0.05013461  0.0108009   0.03437282]
major: [-0.09286173 -0.01146748 -0.07528889  0.02913042 -0.02642538  0.08801502
 -0.03221678  0.06983068  0.03814486  0.01257563]
reached: [ 0.00061493  0.08094649  0.02624261  0.08222407  0.03367073  0.05374367
  0.05317731 -0.07478094 -0.06088744  0.01088084]
country: [ 0.00288624  0.02064162  0.01345023  0.07528011 -0.04382824  0.00259287
  0.0724172   0.02434145  0.03917566  0.04197531]
across: [-0.01207199 -0.08379985  0.03245386 -0.08891733 -0.0263698  -0.09432967
 -0.00317668 -0.07750843  0.07185179 -0.0496984 ]
refineries: [ 0.09954929 -0.09101198 -0.04137289  0.01918179 -0.02982909  0.01396282
 -0.03545244 -0.00779719 -0.05948737 -0.09917706]
oil: [ 0.0639467   0.00323762  0.06724204 -0.07471644  0.03678066 -0.09943056
  0.07769227  0.06051251 -0.06370036  0.08124324]
fires: [-0.05537501 -0.08616249  0.01724717  0.031743   -0.08080873 -0.08967403
  0.0931474   0.0176913   0.00628657  0.02373984]
massive: [-0.03457961  0.01677008  0.02204747  0.09793354 -0.05608522  0.02238814
  0.06466795 -0.06542577 -0.09192843  0.08556423]
caused: [ 0.06904953 -0.0408429   0.05985861  0.00769499 -0.04982646 -0.01375815
 -0.04727155  0.06271992  0.01701212 -0.08412552]
strikes: [-0.00111462 -0.02716363  0.06858184 -0.01176312  0.07670867  0.01901829
 -0.03669469  0.08295823  0.02669836 -0.0408616 ]
Recent: [-0.05546709 -0.03170084 -0.04904956  0.03425349 -0.09279371 -0.05835255
  0.0349205   0.00334759  0.05714728 -0.03702112]
stepping: [ 0.00075931  0.02418477  0.0563297   0.01590092  0.09851236  0.03709929
 -0.07053462 -0.01312517 -0.08560067 -0.05390897]
shot: [-0.02096821 -0.09739386  0.0950181   0.01988467 -0.01121007 -0.05533025
 -0.08365706 -0.09810939  0.08707391 -0.02591701]
but: [ 0.04688421 -0.04561323  0.10175299  0.03617867  0.01075418 -0.04049735
  0.01356979 -0.02520246  0.07118694  0.04382456]
days: [ 0.01104887  0.03431919  0.03914588 -0.06817091  0.08977605  0.01713897
 -0.05649741  0.08786393 -0.01530363  0.08083232]
early: [-0.01408997  0.06940419  0.02912516 -0.04386756 -0.03720757  0.09161387
  0.01718748 -0.05893346  0.00138448 -0.02071014]
public: [ 0.01706131 -0.07771339  0.07570432  0.01275132  0.07922576  0.04417728
 -0.04264836  0.03892754 -0.00852233 -0.09955706]
involved: [ 0.08323008  0.09626983  0.09789132 -0.03827176 -0.08411727  0.0480632
 -0.07533184  0.08632608  0.02606903  0.05517801]
advantages: [ 0.06184854  0.00426591 -0.01920591  0.00706543  0.09890452 -0.07149281
 -0.01375566 -0.02244138  0.04648379  0.06376664]
commands: [-0.04098569  0.03571931 -0.0434821   0.03223326  0.08201144  0.03602087
 -0.04445056 -0.02915646  0.07703748  0.09557239]
instructions: [ 0.05868412 -0.03312919 -0.01726793 -0.06302112 -0.04249629  0.03319255
 -0.0637302  -0.06541041  0.07976204  0.09458236]
follow: [ 0.08187912  0.01458332 -0.08699343 -0.0762613   0.01605311 -0.09584831
 -0.07290107  0.02119615 -0.03065481 -0.09221685]
Wild: [ 0.06495253 -0.0900992  -0.07146965 -0.01763815  0.01760883 -0.01084714
 -0.05032318  0.06693108  0.08573964 -0.07486876]
integrated: [ 0.09865633  0.07280926 -0.07231263 -0.01929905  0.04307775  0.07041994
 -0.03489115 -0.06815758  0.04450217 -0.09158774]
structure: [-0.0581544  -0.01348688  0.05659163 -0.05707162  0.04827772 -0.00441973
  0.02824745  0.06542927  0.01209303  0.07638407]
state: [-0.00261292 -0.08319078  0.09334442 -0.04888984  0.04797227 -0.03928411
 -0.07169344 -0.06359094  0.04451108 -0.00767826]
supplement: [ 0.01544742 -0.08998197 -0.04995477 -0.06089693  0.0851202  -0.08722249
  0.05203036 -0.00700941 -0.00045214  0.08713988]
role: [-0.03535685 -0.0700243   0.00935261  0.0771556   0.09185028 -0.03689652
  0.02860111  0.05080835 -0.0551929   0.06772383]
describes: [-0.06415924  0.0205916   0.04721325  0.04370612 -0.04609613  0.026133
  0.07399401  0.08738038 -0.09673043  0.05508094]
PlayStation: [ 0.0501143  -0.01647272  0.09354739 -0.04198178 -0.01701022 -0.06894837
 -0.03669974  0.00363792 -0.03484074 -0.05501994]
or: [ 0.06630064 -0.05359326 -0.06189359  0.07624061  0.0970889   0.03976452
  0.00141575  0.00886179 -0.01187535  0.06789339]
Xbox: [-0.06214232  0.00420308  0.04437562 -0.02124726  0.00938294  0.03686525
  0.09843539  0.02296506  0.09268725 -0.05923195]
game: [ 0.04844619 -0.03690942 -0.04135825  0.01222381 -0.04070751 -0.05705284
  0.03238963  0.08438062 -0.067577   -0.09210867]
computer: [-0.03289814  0.0746159  -0.09542094  0.09603026 -0.00385125  0.02272658
 -0.01737944 -0.05650891  0.02867789  0.06093003]
shoot: [-0.06999806 -0.01236889  0.01726958  0.04236239  0.07164176 -0.03571093
  0.07372799 -0.05475877 -0.02408229  0.08982261]
remote: [ 0.0546196  -0.08575211 -0.0138855  -0.08886848 -0.01637235  0.05637278
 -0.07247561  0.05640847  0.0577394  -0.03904394]
Operating: [-0.09610669 -0.02593742 -0.02351712  0.03709138  0.08928548  0.01979594
 -0.01968082  0.03077565 -0.07031909 -0.01400786]
difficult: [-0.01419094  0.09540543 -0.05620963 -0.07085706  0.02375924  0.02626539
 -0.07006105 -0.05763809 -0.0140196  -0.03398588]
job: [-0.08924654 -0.04155055 -0.02707398  0.06438897  0.00968081  0.01574578
  0.00417433 -0.03278729  0.02795917  0.00587891]
me: [ 0.06059211 -0.0087004  -0.08650267  0.00830077  0.09963324 -0.05288584
 -0.05056482 -0.02376045  0.08294018 -0.00939084]
tells: [ 0.09532013 -0.08431924  0.09288413 -0.09770277  0.09250057  0.01846714
  0.02817412 -0.05698479  0.08108085  0.05930707]
spokesman: [-0.05400899 -0.09577499  0.07259338 -0.05587558 -0.09285612  0.02566315
 -0.04816326 -0.07207889  0.09418568 -0.01691907]
company: [-0.01402818 -0.04099169 -0.04116315 -0.04666739 -0.05529632 -0.05344845
 -0.07867138  0.09673765  0.06089418 -0.03711189]
operate: [ 0.02607363 -0.0766388   0.07708815  0.08279963  0.008402   -0.06866107
 -0.02819136  0.04866766 -0.03201954  0.0307969 ]
allowed: [ 0.09530982  0.04313812 -0.04896977  0.05445055 -0.02815919 -0.06448571
  0.07203474 -0.09095202 -0.01487781 -0.01515207]
being: [-0.08309499 -0.01146353  0.05821741 -0.05289268 -0.06971628  0.06156212
 -0.03260323 -0.07672275 -0.00013633 -0.00154605]
before: [ 0.07618635  0.00540988  0.08105504 -0.09838792  0.0406131   0.06190236
  0.01169644 -0.02731082  0.00757922 -0.00923593]
weeks: [-0.08006246 -0.06821888  0.01432015 -0.02031229  0.09577665 -0.00979052
  0.06280726  0.02179096  0.07777643 -0.0938272 ]
few: [ 0.02477794 -0.01502169  0.02387176 -0.00225024 -0.06615088  0.09004689
 -0.02683809  0.02042867 -0.06769086  0.0360228 ]
trained: [ 0.10084977 -0.01245461  0.06787051 -0.00144872  0.07946779  0.0960711
 -0.00262426 -0.01583274 -0.09832512  0.09769882]
vetted: [-0.02457023  0.02125947 -0.01507934  0.0831567   0.08337949  0.01487937
  0.03019902  0.06541919  0.01989022  0.06346913]
Each: [ 0.0021249  -0.02324306  0.05432845 -0.03439037 -0.02610795  0.0876793
 -0.09060512 -0.03351815 -0.03135315  0.05627327]
veterans: [ 0.08021544 -0.06494647  0.0590308  -0.00249031 -0.09009729 -0.02476213
 -0.01483962 -0.04397954 -0.00961166 -0.05290439]
drivers: [ 0.06024505  0.0925867  -0.01428065  0.03324285 -0.00701611 -0.00765061
 -0.06872188  0.01539497  0.03681708  0.06850911]
taxi: [ 0.06632005  0.03493458  0.04809566 -0.07480504 -0.01336878 -0.05860502
  0.06944229  0.07915572 -0.0450944   0.01086534]
mothers: [ 0.05218193  0.01765429  0.00955854 -0.06768887  0.09892835 -0.07285796
 -0.05890876 -0.05559099 -0.06585357 -0.03573808]
ordinary: [-0.09315341  0.01129715 -0.0358318  -0.02598191  0.05805757  0.03508628
  0.01961713 -0.01280356  0.0965566   0.00217084]
Behind: [ 0.05059969  0.08981467 -0.09662516 -0.09178647  0.09971234  0.02711403
 -0.01736896  0.0480981  -0.04505161 -0.06446224]
jets: [-0.08194937  0.07173424 -0.02301498 -0.07590768 -0.05858447  0.06132934
 -0.02291334 -0.06019685 -0.01830241 -0.01549349]
display: [-0.03210131 -0.02147018  0.04298388  0.01414539 -0.03484501  0.02639588
  0.05382698 -0.09069381 -0.07790411  0.06197631]
Rows: [-0.08895802  0.00479003 -0.08817887  0.0835153  -0.04290707 -0.06652418
 -0.01205634 -0.00972464  0.07291892  0.09006154]
building: [-0.00292996  0.0264885   0.04920013  0.00124084 -0.05773456 -0.00614907
  0.02378246  0.08434801 -0.03842011 -0.09923805]
basement: [ 0.0543355   0.09766    -0.06896038 -0.00611632 -0.0507029   0.06429106
  0.09817987 -0.00215133  0.04922366  0.06477857]
room: [ 0.04456868 -0.0808315   0.03245087 -0.01508377 -0.02166558  0.0539201
 -0.01176418  0.10032705 -0.0082928   0.00191918]
control: [-0.02234195 -0.08551297 -0.09662335  0.04935105 -0.06608566  0.02953125
  0.02896919 -0.06884183 -0.03305591 -0.05868929]
visit: [-8.5069098e-02 -6.4318359e-05  9.9420778e-02 -6.6833869e-02
 -4.3431055e-02  8.3007514e-02  9.4286121e-02  9.9617340e-02
 -1.0088928e-01  4.9843438e-02]
close: [-0.06557828  0.06836269  0.06319893 -0.03403582  0.06933388 -0.07913794
  0.0466137   0.04695809  0.05741434  0.0579781 ]
region: [-0.02601198  0.0386855  -0.05989992 -0.06481934  0.02790539 -0.09494365
 -0.00216168  0.01177552  0.07877583 -0.07068926]
Kharkiv: [-0.02247118 -0.04130609 -0.05081678 -0.0050111   0.04647877 -0.05013668
 -0.01555343  0.08762996 -0.01475985 -0.03645752]
towers: [ 0.07511364  0.01161426 -0.00151624  0.09474168  0.08188588  0.03378968
  0.03485211 -0.02184899  0.0784299   0.04947644]
clients: [-0.05329181 -0.06198029 -0.00359247 -0.07942354  0.03454232 -0.09263663
 -0.01361867  0.03492897  0.02749573  0.030473  ]
offering: [-0.08986939  0.03382733  0.05499798  0.03469395  0.07835983  0.01606653
  0.06366317  0.08898981 -0.01159614 -0.00837082]
Carmine: [ 0.02304533 -0.07607308  0.05834934 -0.05010164 -0.03241199 -0.01891672
  0.08341655  0.02307983 -0.01141121 -0.02902417]
power: [-0.02052045 -0.01354054 -0.04850612 -0.0412916   0.00203203  0.04499267
  0.01930389  0.06997173  0.00375809 -0.03317856]
without: [-0.07331669  0.05951568  0.07203946 -0.06064303  0.04678583  0.09444721
 -0.06253893 -0.02786456 -0.09367316  0.03139859]
millions: [-0.03376361  0.01970275  0.09685112 -0.08367658 -0.09325848  0.01635026
 -0.07923856 -0.08983321 -0.09638503 -0.00403505]
left: [-0.01038312  0.0067218  -0.0110533   0.09005025  0.08777948 -0.06443897
  0.08794489 -0.0894238  -0.01590842  0.02427407]
winter: [-0.00040082 -0.03885037  0.00701026  0.00971657 -0.09411561 -0.04976823
 -0.07608742  0.03912681 -0.01138025 -0.07594546]
during: [ 0.05694021  0.00153866  0.02948102  0.05397074 -0.04233142  0.07770112
 -0.0773311  -0.03320738 -0.07639766  0.00845274]
grid: [-0.07312964  0.08955353  0.05781336 -0.07271183  0.06206054  0.06511752
 -0.07248081  0.04810376 -0.08006636  0.09164555]
energy: [ 0.04751006 -0.00328274 -0.08732138 -0.00943427 -0.00231736  0.00816959
  0.08820584 -0.02654042 -0.08937109 -0.08953746]
infrastructure: [-0.00988513  0.01311392  0.00256995 -0.02238881  0.08584401  0.00055873
  0.06562068  0.04101654 -0.07379636 -0.0222922 ]
factories: [-0.07693251 -0.06838521 -0.02981567  0.0656121  -0.00797538  0.0881901
 -0.02152288 -0.05141545  0.03699544  0.02118139]
protect: [-0.00197057 -0.02528958 -0.05855804  0.04022105 -0.07573766 -0.08948375
 -0.09052971  0.08531712  0.03835195  0.07005145]
incentive: [ 0.09983976 -0.07306413  0.04169331  0.0277453   0.06209051 -0.03441992
  0.09451263 -0.0567247   0.06846659  0.06855741]
obvious: [-0.00310288  0.04966689  0.06793557  0.01504554  0.07425515  0.02354479
 -0.01410147  0.07544148  0.04525199 -0.03260096]
scheme: [ 0.01712081 -0.0020065   0.0516135  -0.05436916 -0.04165161 -0.0099164
  0.03935926 -0.06465405  0.07651326 -0.03183644]
signed: [ 0.05801637  0.02819779  0.06990013 -0.04496692 -0.03204194  0.03024077
 -0.02668443  0.06014583 -0.06147957  0.0252608 ]
five: [-0.00650027 -0.00666726  0.02724664 -0.02228303 -0.04284564 -0.08592431
  0.0259205   0.0538996  -0.06050845  0.09025605]
Twenty: [ 0.04125462 -0.05256867 -0.01101009  0.03889592 -0.07003145  0.02005055
  0.05633488  0.06367245  0.05199962  0.03549402]
initiative: [-0.02656911 -0.06161015  0.08392751 -0.07350066 -0.01623893 -0.03295077
  0.06626026 -0.06168855  0.03170501  0.01932793]
oversees: [-0.03976533 -0.08321764 -0.07823767  0.03480587 -0.09543049  0.05678916
 -0.02740858 -0.09036121 -0.05401064  0.07629923]
explains: [-0.01602772  0.06320643 -0.09071437 -0.09162594 -0.05168232  0.00902218
 -0.07018287 -0.09316668 -0.09170347 -0.00617336]
resources: [ 0.07547277 -0.08470764 -0.05089968  0.01509765  0.03364107 -0.08517246
  0.08049159 -0.08062732  0.04438861  0.09261835]
use: [ 0.05782784  0.06112879  0.08481508  0.03447225 -0.0712207   0.05669986
 -0.08152204 -0.05585747  0.05637874 -0.08087364]
accordingly: [-0.05770265 -0.0364044   0.03625713  0.05234489  0.02079861  0.05045785
 -0.02448931  0.04516402 -0.07330871 -0.01795825]
targets: [-0.07659081  0.00120913  0.04950598  0.04797065 -0.04627777  0.01672558
  0.07981889 -0.05401574 -0.04070494 -0.00759774]
see: [-0.0466602   0.08647818  0.07728081  0.09228946  0.09374611 -0.08500925
 -0.00339498 -0.07493548 -0.0501688  -0.08949495]
cover: [ 0.03474755  0.00068798 -0.06774517  0.07990026  0.0096039   0.00258069
 -0.03451679 -0.03252239 -0.02821336  0.0754789 ]
need: [ 0.02454008 -0.05224747  0.04891426  0.01022988 -0.02736176  0.07671177
 -0.03810807  0.07521977 -0.04410137 -0.07436783]
too: [-0.04413332 -0.03959174 -0.00531359 -0.01853596  0.05086944  0.05416867
 -0.01583687  0.03855928 -0.02260597  0.0062674 ]
plugging: [-0.0130768  -0.02508169 -0.04538234 -0.04298012  0.00151282  0.01614817
 -0.09305378  0.06192774 -0.01892265 -0.03060304]
Private: [-0.04721166 -0.0433912  -0.04644379 -0.09821931 -0.00741335 -0.07837866
 -0.04667218 -0.07249417  0.09741291 -0.01430129]
destroy: [-0.07681089  0.05502653 -0.07887958 -0.01946189  0.02769582 -0.071042
 -0.08582984 -0.06513223  0.07270091  0.08967235]
way: [ 0.04074328  0.02398997  0.04306723 -0.04068119  0.09811614  0.06888513
  0.04279463  0.09079149 -0.08612044  0.00849808]
Shahed: [ 0.08956827 -0.00942008 -0.0658197  -0.02250998 -0.02749397 -0.02531267
 -0.01715564  0.07372405 -0.00465266  0.04171358]
winged: [-0.03675928  0.08217481 -0.06326363 -0.0935358  -0.04085168 -0.07416952
 -0.0473781   0.0058284   0.02180946  0.01637295]
delta: [ 0.05085781 -0.01415168  0.02488475  0.00361807  0.07910477  0.07988783
 -0.01839359  0.01372544 -0.06259483 -0.04860765]
less: [-6.90121055e-02  4.08836931e-05 -4.78368104e-02 -4.04978804e-02
  1.52940415e-02  2.58717313e-02 -9.03171375e-02  1.85047481e-02
  4.98865806e-02  4.07038182e-02]
around: [-0.02860926  0.09475271  0.09574852 -0.00026978  0.00881931 -0.0930048
 -0.04696767 -0.0001687   0.0385345   0.00050096]
costs: [-0.08679606  0.05808625 -0.07297016  0.08529443  0.05542937 -0.06822522
  0.02936113  0.07775316 -0.06274208 -0.06656753]
printed: [ 0.0924321   0.01782054  0.09851725 -0.09926138 -0.01466613  0.06862137
 -0.01349952 -0.01651589 -0.07275247 -0.05800566]
develop: [-0.06469144  0.08895639 -0.0147     -0.08318052  0.08016903 -0.03005237
 -0.012133   -0.00606877  0.02648347 -0.0479911 ]
hold: [-0.00157415 -0.02900857  0.08918345  0.06843822  0.01139708 -0.06118659
  0.03329187  0.01248232 -0.06382301 -0.05828724]
adapt: [-0.0300318   0.02348746 -0.07949118 -0.05034985  0.0814704  -0.03754165
  0.08134556  0.0067478  -0.05796754 -0.05062688]
serious: [-0.00117266  0.04555359 -0.05915874 -0.05541418 -0.06770653  0.06708159
 -0.0226102   0.04166603 -0.01834435 -0.07514704]
very: [-0.01183226  0.00354954  0.03738897 -0.08698396 -0.06800557 -0.06578141
  0.03124662 -0.03613856  0.00819539  0.04084732]
calls: [ 0.04590641  0.02328188 -0.0271923   0.00625728 -0.05379907 -0.06372798
  0.08858215 -0.03933978 -0.09488781  0.03666628]
commander: [ 0.08552437 -0.00232027  0.02411528 -0.0356723  -0.04178103 -0.08648337
 -0.07716789 -0.08964715 -0.06138132  0.08416544]
Welkos: [ 0.09532578 -0.01727714  0.00129779  0.07833648  0.01290041 -0.05182014
  0.02746107  0.0193064  -0.03861322 -0.04958335]
mission: [ 0.0974057   0.07578696 -0.08408959 -0.05577908  0.01445324  0.00875322
 -0.08200282  0.09480342 -0.05567122  0.04495158]
completed: [ 0.09340556  0.01017143  0.04421485 -0.02768436 -0.09649259  0.00578324
 -0.00911753 -0.0976374   0.06794678 -0.07509799]
unit: [ 0.05198462 -0.04479204 -0.09023159 -0.09125927  0.06279507 -0.05246344
  0.05385314 -0.01475107  0.09509771  0.07049526]
km: [ 0.09956843  0.08324482 -0.07694197 -0.0963218  -0.0553959  -0.00825332
  0.05137272  0.03786533 -0.02223213  0.04923215]
mph: [-0.03328988 -0.06848583  0.04843521 -0.09868889  0.0092779  -0.05031828
  0.07702988 -0.03626785  0.02670162 -0.06360486]
speeds: [ 0.09690218 -0.05615699  0.03733476  0.03214377  0.08961231 -0.05597297
 -0.04279223 -0.06145168  0.05962159 -0.04690708]
reach: [ 0.04876471 -0.00917636  0.07423076 -0.06049259 -0.00066462 -0.00136981
 -0.08454873  0.08825897 -0.02257739  0.06325363]
launch: [ 0.00182186  0.05003494  0.02397509  0.08840584 -0.08297972  0.08386052
  0.08771127  0.01159035  0.04215731  0.03741064]
static: [ 0.04125937 -0.02960959  0.03027357  0.00760653  0.04880577  0.08368762
 -0.07629788  0.00253484 -0.08935609 -0.01656585]
From: [-0.08967906  0.0313544  -0.01443651 -0.00708271  0.06455628 -0.08145996
  0.01243551 -0.02339358 -0.03894941 -0.07356177]
action: [-0.07881382  0.08236014 -0.07266694  0.04801803 -0.03736468 -0.01261848
  0.02943981 -0.08484764 -0.05873274 -0.0782865 ]
Regiment: [-0.09331102 -0.04810079 -0.0299768   0.00486826 -0.0066837  -0.07944397
 -0.03608831 -0.02642925 -0.06591295 -0.06459646]
Systems: [-0.0253301  -0.07972573 -0.08075168 -0.07585032  0.03584537 -0.0766418
 -0.03540797  0.06745712  0.0718179  -0.06493159]
Unmanned: [ 0.06867383 -0.07825448  0.00289642  0.06613558 -0.02818469  0.09154435
 -0.00188064  0.04796449  0.06783258 -0.08608443]
Corps: [-0.06003004 -0.07362285 -0.0101235  -0.07103607  0.00161855 -0.08121672
  0.00659811 -0.00272056  0.06288486 -0.08952469]
Marine: [-0.03106258  0.05822944  0.09398371 -0.01800832  0.00812837 -0.06140084
  0.00939596 -0.08035499 -0.07805547  0.01314318]
Kherson: [ 1.0877764e-05  5.4764427e-02 -9.5415987e-02  1.6365048e-02
  1.6273264e-02 -5.3035811e-02  2.2406774e-03  6.2240381e-02
 -6.7976221e-02  1.9520111e-03]
city: [ 0.0394693   0.01645725  0.02987274  0.08141589  0.06731367  0.03472649
  0.08104162 -0.07541733  0.07393432  0.03817219]
outside: [-0.05847814 -0.04238898  0.06526048  0.05794601 -0.09838534  0.01224794
 -0.00260636  0.00945843  0.06945352 -0.07246681]
field: [ 0.09700557 -0.09496071  0.06359031  0.0950693  -0.03802099 -0.09415822
  0.06305075 -0.08839959 -0.08431232 -0.00903068]
force: [-0.06592323  0.08702029  0.07997055  0.0083843   0.08036994  0.09823491
  0.05319931  0.04473582  0.05226679  0.06321105]
according: [ 0.04764297  0.0633207  -0.07279689  0.08865634  0.08323313  0.09365137
 -0.08905738 -0.0331018  -0.00500905  0.04056669]
destroyed: [-0.08189455  0.00131422  0.06113172  0.09575589 -0.02848403  0.01813717
  0.06405322 -0.01939573  0.01856225 -0.09370437]
March: [ 0.00788322  0.04506615  0.04699001 -0.09765402 -0.0510157   0.02930321
  0.01775987 -0.04555187  0.05602503  0.03391561]
day: [-0.07774223  0.09777694 -0.07555451 -0.03056195  0.09780615  0.01123137
 -0.05395842  0.01246469 -0.0427981  -0.06852997]
kinds: [-0.07720259  0.0471112  -0.08897787  0.0404366  -0.05512944  0.05403771
 -0.04243675 -0.05499637  0.06178575 -0.08722149]
producing: [ 0.01380157 -0.02179507 -0.06518406 -0.07663391  0.06779447 -0.04509163
  0.04694996 -0.09553677  0.01736642 -0.02050553]
base: [-0.05841598 -0.02846147 -0.08452931 -0.03481606 -0.02555154 -0.02317563
 -0.04993802 -0.09091574  0.05148229 -0.01418962]
rotors: [ 0.06239264  0.03020922  0.08739342 -0.03532257 -0.0885926   0.01304066
 -0.08883753  0.06154811  0.08255441  0.00393518]
propelled: [ 0.07763129  0.08494341  0.04352751  0.05385804  0.09185858  0.01086112
 -0.08119543 -0.08186686 -0.0197305  -0.00735568]
bullet: [ 0.08870456 -0.09370469 -0.02399243  0.09072401 -0.01403226 -0.09151272
  0.02157586 -0.05719585 -0.05691421 -0.06465079]
shaped: [ 0.00194991  0.07160947  0.04326807  0.08119335  0.08879456  0.04440052
 -0.05894357  0.07234946 -0.09763779 -0.0494427 ]
helping: [ 0.08066946  0.07868994 -0.05278624 -0.08002236  0.08130024 -0.03835616
 -0.03916895  0.07312818  0.05232202  0.03728404]
any: [-0.01202071  0.08629274  0.08631153  0.06961997  0.09116567 -0.05818823
  0.01187908 -0.01479846  0.06085878  0.09680909]
And: [ 0.05241527  0.04018869  0.06678963  0.05861665  0.00146785 -0.08381664
 -0.01996445  0.09204629 -0.05291938  0.0092979 ]
East: [ 0.04923762 -0.06972677  0.08339293  0.01458561  0.02446402  0.08284596
  0.01619692  0.01004299 -0.09633853  0.09795246]
Middle: [-0.09806792  0.08487913  0.05232015 -0.00070803 -0.07866322  0.0930118
 -0.01207429  0.05481856 -0.03259566 -0.05000504]
bases: [ 0.00193988 -0.08104905 -0.06504553 -0.09481675  0.05322095  0.00376141
 -0.00768946  0.05225343 -0.02176393 -0.07470894]
protects: [ 0.02905339 -0.06045827  0.0062614   0.09459386 -0.00954084  0.06085872
  0.04618675 -0.03424682 -0.05438204  0.08781752]
using: [ 0.02147472 -0.00500516  0.01055678 -0.04956817  0.03565427 -0.0315481
  0.04346262 -0.04435597 -0.0097756   0.03840487]
Now: [-0.07101102 -0.02566995 -0.08600515  0.0155455   0.02013454  0.02364666
  0.01151165  0.00174442  0.02122434 -0.01016723]
approaching: [ 0.05978352 -0.0298968  -0.04997959 -0.0533599  -0.09651721 -0.0815687
  0.02184264  0.04040353 -0.0585573  -0.09739612]
sound: [-0.06103701  0.04628539 -0.08974063  0.050839    0.06374639  0.06087597
 -0.07560632  0.02913425 -0.05547548  0.08980906]
listen: [-0.04257258 -0.02394083  0.05344767 -0.00828189  0.05107854 -0.04256687
  0.05089636 -0.0971196   0.05945199 -0.01297506]
poles: [-0.05565517 -0.00067908 -0.01078945 -0.00726808 -0.01743595 -0.09315018
 -0.07688769 -0.06671482 -0.08776506 -0.04606456]
telegraph: [ 0.09210128 -0.0186154  -0.07481031 -0.05889945  0.03615332 -0.02741025
 -0.01480009 -0.04131784  0.05872205 -0.07888874]
phones: [-0.07459733  0.07477953 -0.06812819  0.02160404  0.00397589  0.09646831
  0.04345635  0.02197689  0.02618148  0.02230824]
To: [ 0.02233844 -0.02780382  0.0422188   0.06092018  0.08965966 -0.00772157
 -0.01095201  0.06588158 -0.0861126  -0.00716809]
threats: [-0.06627395  0.04735017 -0.08818513  0.03225132  0.09037582 -0.02133768
 -0.0871721  -0.08063553  0.03075284 -0.05442086]
detect: [ 0.06496819 -0.0125364   0.08009626 -0.00532505 -0.0620192  -0.05778622
  0.00887181 -0.04661895  0.06373707 -0.03618143]
intelligence: [-0.05575234  0.00878685 -0.04690787 -0.08253533 -0.05218675 -0.01954136
  0.00575301  0.03758359  0.06677653  0.06619743]
artificial: [ 0.05916616  0.00260246 -0.05655476  0.0895566  -0.00617831  0.0461788
 -0.0130636   0.05904286  0.05112869 -0.0738575 ]
feeds: [-0.02696415  0.00052471  0.02196922 -0.09326851  0.04872096  0.03287759
 -0.0005503  -0.03389577 -0.07794686  0.07518101]
video: [-0.08567673 -0.07440416  0.04606664 -0.0854822  -0.03264807 -0.02163217
 -0.01796253 -0.06729983  0.04133438  0.00912849]
thousands: [ 0.0372034  -0.01391544  0.07118203 -0.09573378  0.0586667  -0.05214038
  0.01823441 -0.06846122 -0.02678403 -0.06525809]
radars: [-0.03295519  0.0966775   0.0290321   0.0156359  -0.06071496  0.05489058
 -0.08001625 -0.02167707 -0.06680523 -0.06475963]
bomb: [ 0.02338213 -0.03332001  0.02626195  0.03897702 -0.06273474 -0.01791562
 -0.02642535 -0.09723937 -0.10034031  0.01010196]
glide: [ 0.04436236  0.00185714 -0.04691307  0.03598559  0.01688233 -0.09515531
  0.07338176  0.07863889 -0.07935496 -0.00854045]
every: [ 0.06093207 -0.02836201 -0.0014525  -0.04243581  0.06121388  0.06929379
  0.02229742 -0.04615567 -0.02060241 -0.04094356]
software: [-0.09705999  0.07763536 -0.0042419  -0.00618153  0.07101535 -0.09075362
  0.06448589 -0.07474016 -0.05564195  0.04980168]
heart: [-0.03476264 -0.03526017 -0.0616553  -0.03917268 -0.02657697 -0.04117459
  0.09555428  0.09533221 -0.00500217 -0.00365254]
giving: [-0.05614746  0.07872002 -0.04791344  0.0591074   0.09110738  0.05735008
 -0.00838222  0.05638593  0.06806906 -0.03952749]
technology: [ 0.00699175  0.06447205  0.06001075 -0.00169     0.02391795 -0.06528584
 -0.09264376 -0.04857075 -0.05505377  0.00522715]
innovation: [-0.03962173 -0.00382087  0.07760327  0.09745434  0.0788707   0.02367288
 -0.02623377  0.02519202 -0.02796756 -0.09006451]
Embracing: [ 0.06918696 -0.08680099  0.03925395 -0.03960549 -0.05527442 -0.01078412
 -0.06470986  0.08658166 -0.06993521 -0.09007698]
produced: [ 0.05829944  0.0443089   0.04866707  0.02430691 -0.03700148 -0.05150884
  0.01892523  0.08433626 -0.05795371 -0.02448745]
trucks: [ 0.01914387  0.0666023  -0.06252197 -0.04518776 -0.0261845   0.01310046
  0.05492473  0.05659349 -0.08852027  0.07208337]
heavy: [-0.02423069 -0.02907751 -0.08686297 -0.05774774  0.09487791  0.03055991
 -0.07892119  0.02928031 -0.07226894 -0.0913922 ]
operating: [ 0.0396046   0.01990874  0.01382753  0.08833255  0.06304204 -0.05108106
  0.02836891  0.0264667   0.02280884  0.08261043]
teams: [-0.06880826 -0.02366464  0.01140221  0.06371687 -0.00626175  0.07899555
 -0.0454442  -0.08926218 -0.07194915 -0.04209104]
fire: [ 0.09643714 -0.05203217 -0.04660622  0.0817396  -0.07433089  0.01980923
  0.05834553 -0.07404127 -0.00432672 -0.02449759]
solutions: [ 0.05620091 -0.04618738 -0.06439392  0.09890023 -0.04607744  0.07603156
 -0.08332738  0.07125029 -0.03549607 -0.07888407]
grown: [-0.01140854 -0.02405101 -0.01724848 -0.01173254 -0.06503212 -0.03565795
 -0.03124776  0.07784899  0.05787111 -0.00942801]
home: [-0.0478242   0.05252354 -0.08743231  0.01649054  0.04021883 -0.01962468
 -0.04452423 -0.08178595 -0.08369346  0.0708663 ]
including: [ 0.03664139 -0.0041655   0.09854443 -0.08547504  0.00581605 -0.00523059
 -0.07936133 -0.09019361  0.07001021 -0.03689856]
systems: [-0.07868784  0.07918771 -0.06134946 -0.03129829  0.01771063 -0.03412627
 -0.07864782 -0.03836813 -0.09170036  0.01348046]
bolster: [-0.04588103 -0.00053722  0.02829975 -0.02384693  0.08817331  0.07010406
 -0.0045513  -0.00549242  0.0070662   0.06697211]
helped: [ 0.08995248 -0.01963406 -0.01487673 -0.029786    0.00508941 -0.06503464
 -0.01764754 -0.08570822  0.00513596  0.01384492]
then: [ 0.0381368  -0.02928666  0.0611288  -0.07084033  0.09825684  0.00506483
  0.02452297  0.04461424  0.0022664   0.02528264]
weapons: [ 0.01690115 -0.09656906 -0.02966822 -0.02627839 -0.09254321  0.03412718
  0.04968688 -0.01970105  0.07211319 -0.01319763]
era: [-0.00220045  0.0572862  -0.08313308 -0.06944092  0.07352617 -0.06610989
  0.08624666  0.05455642 -0.08266836  0.08322569]
Soviet: [ 0.0640372  -0.06774008 -0.08250287 -0.08882586  0.03827776  0.06314031
 -0.01943719  0.01472496 -0.08648721 -0.05223243]
layered: [ 0.04771954 -0.09115572 -0.09090001  0.0098246  -0.08582592 -0.06986866
  0.04893727  0.08115052 -0.07529751  0.08030311]
increasingly: [ 0.0944768   0.04651301 -0.04216524  0.09676521 -0.07712904 -0.03929989
  0.02081273 -0.07514255 -0.10063443  0.02762064]
invasion: [ 0.0827333  -0.05146686 -0.04119548  0.03913956  0.00725501 -0.08560783
  0.0667982  -0.03072465  0.03443957  0.0307927 ]
full: [ 0.08956597  0.08687773  0.07508191 -0.0828357   0.01272775 -0.00990833
  0.01015883  0.09041236  0.04610394 -0.09014874]
years: [ 0.09865726 -0.0093555   0.0052558   0.04963969 -0.06180497 -0.00422522
  0.01482592  0.07152348  0.04167126 -0.02012812]
More: [-0.08414719 -0.03933549  0.08971078 -0.09506361  0.09874948 -0.00204668
 -0.01013831  0.09734143  0.09411711  0.0816115 ]
shooting: [ 0.09043937 -0.10020429  0.07612734 -0.09374142 -0.07678089 -0.08873519
  0.0223336   0.07255033 -0.06402468 -0.02771803]
though: [-0.02322963 -0.04522814 -0.01180567  0.04864698  0.03754555 -0.03267791
 -0.03619191 -0.02259005 -0.03365726  0.03891205]
admits: [ 0.09766169  0.07829301 -0.07448506 -0.06458664 -0.09095912 -0.05952122
  0.03710099 -0.05946093  0.01589885  0.08836362]
He: [ 0.03378785  0.01141976  0.09064639  0.06416405 -0.01396611 -0.062285
 -0.00942624  0.07362165  0.07344282 -0.04087438]
Defence: [ 0.09980347  0.02347828  0.05266732 -0.05664658  0.04422386  0.00224828
 -0.09485868  0.05163525 -0.09168312 -0.06519379]
Ministry: [ 0.02821285  0.09240588 -0.01970745  0.06991424  0.05110404  0.04039899
 -0.06101681  0.05171613 -0.08469509 -0.04368341]
general: [ 0.05499266 -0.08197591  0.05883095 -0.03495323  0.00077867 -0.07373346
 -0.06132157 -0.03215     0.08416887  0.05289187]
inspector: [-0.0965914  -0.06608335  0.0356825  -0.08498518  0.06691321  0.06132818
 -0.09205816  0.08765536  0.07684511 -0.01863369]
Yuriy: [ 0.01834037 -0.05747224  0.06346643  0.07700288  0.04061263 -0.08895966
  0.05035453 -0.02955221 -0.02361202  0.06038078]
Col: [ 0.01895122  0.04596408 -0.0616118   0.05230681 -0.03532853 -0.00407577
  0.06309312  0.04170971  0.07331428 -0.03980606]
Lt: [ 0.0359359   0.07270356 -0.03137787  0.05759469 -0.09410856  0.0882175
  0.03842178  0.05417031  0.0450459   0.04509794]
world: [-0.03260346 -0.06235487 -0.02095523  0.01368837 -0.02936215 -0.08508954
 -0.06185878  0.08446839  0.09189413  0.05887415]
best: [-0.04055242  0.00681202 -0.08480822  0.06636836  0.00479131  0.073416
 -0.05290966 -0.02769873  0.02757018  0.03416225]
unfortunately: [-0.0647959  -0.07394252  0.02151638 -0.09022149  0.0580004   0.05437345
 -0.03735509 -0.05559064 -0.08424934 -0.01935095]
defending: [ 0.07041212 -0.00224119 -0.07830212  0.08896194 -0.08512947  0.05555427
  0.06543735  0.01047907 -0.08762153  0.06102289]
better: [-0.07777067 -0.05044901  0.09790543 -0.08269135 -0.07592358 -0.04906048
  0.03583696  0.02000483 -0.05686365 -0.03374017]
nationwide: [0.08618482 0.09747251 0.10048179 0.01047293 0.04056748 0.01360272
 0.01751626 0.04908485 0.02111577 0.00228118]
took: [-0.03132807 -0.0657242   0.08169872 -0.0598337   0.02800028 -0.00958987
 -0.03521707 -0.04837857  0.03056424 -0.05931148]
forces: [-0.07475264 -0.02695351  0.0484253   0.06043516 -0.01448025  0.07264782
 -0.07483313 -0.04618641 -0.08019048 -0.06121569]
comparison: [ 7.3150553e-02 -9.3269132e-02 -8.5101090e-02 -9.8185249e-02
  9.2093587e-02 -2.6961960e-02  1.1092874e-02 -6.0070321e-02
 -2.6851688e-02  4.1120551e-05]
intercepted: [-0.02508423 -0.07410467 -0.0608605   0.02513601 -0.09501423  0.01126947
 -0.01898438  0.08376841 -0.00524756  0.06164938]
successfully: [-0.07091308 -0.07620135  0.05692394  0.00935737 -0.05087997 -0.02667831
  0.08870237 -0.09065442 -0.03825566  0.00932856]
long: [-0.00187681  0.09445594 -0.01794294 -0.07123125 -0.07659591 -0.09914129
 -0.07736759 -0.05923587 -0.06073654 -0.01480128]
those: [-0.00515159 -0.0478049   0.02311808  0.03829997  0.09047177 -0.04673985
  0.05234934  0.07358768 -0.03924578 -0.07516976]
Volodymyr: [-0.03288764 -0.06960112  0.06706181  0.0933995   0.08294752 -0.08569507
  0.05196145  0.05220092  0.05442974 -0.08456145]
According: [ 0.00051404 -0.06884453 -0.08753575  0.02459286  0.09944156  0.06476288
 -0.06949444  0.02436211 -0.04067686  0.09833559]
prevented: [-0.08772528  0.09654683 -0.0630839  -0.07025199  0.01634201 -0.0070015
 -0.08372086 -0.00506772 -0.00586193 -0.06363563]
higher: [ 0.05791984  0.0311441   0.08596746  0.07374635 -0.06622254  0.04769896
  0.05828546  0.05877109  0.04991239 -0.04878617]
even: [ 0.0434038   0.01270737  0.00255252 -0.06476843  0.01541588  0.05239356
 -0.09062949  0.0870408   0.02801058 -0.00133089]
could: [-0.03314206  0.00308587  0.0626485   0.04749329 -0.0594518   0.07855764
 -0.00501836 -0.08066601  0.08691484  0.04989167]
life: [ 0.03697011  0.07846589 -0.07329191 -0.05857848 -0.02008288 -0.04107129
 -0.01477414 -0.00516144 -0.08583015  0.01813365]
loss: [ 0.02627228 -0.00889179  0.05037963  0.01436493  0.05989309 -0.02250811
  0.08631447 -0.01535498  0.02918413 -0.03851222]
hours: [ 0.06193045  0.03039594  0.00699948  0.08733448 -0.07821018  0.09683847
  0.00883944 -0.02296157 -0.04273076 -0.09167057]
within: [-0.02150935  0.02651533  0.06755317  0.09045849 -0.0873109   0.09013886
 -0.08712047  0.03802328  0.0787634  -0.0258963 ]
fired: [-0.07779414 -0.08374679  0.01308911 -0.00790254 -0.09476002  0.03053343
  0.02367679  0.04527113  0.04315186  0.03162806]
assault: [-0.0973934   0.05701538  0.04395151 -0.07776663 -0.02068464  0.00306521
 -0.00499859 -0.00855084 -0.0568926  -0.00051776]
aerial: [ 0.04491562 -0.00704374  0.00931527  0.02057369 -0.03941281 -0.07918206
  0.09283623 -0.0969173  -0.02617443 -0.01339148]
sustained: [-0.07597401  0.01740484  0.08084455 -0.01548707  0.08157673  0.00245111
 -0.0564796  -0.01906114 -0.00865122  0.06171741]
largest: [ 0.07198595  0.06187027 -0.05880979 -0.06999996  0.0613768   0.02424782
  0.05468239  0.00547554  0.07735984 -0.08951846]
cost: [ 0.09932209 -0.08245477 -0.01612067  0.06266517 -0.09201694  0.04263995
 -0.06877665 -0.06783159  0.02198072  0.01685638]
human: [-0.02739994  0.07842494 -0.06939092  0.0045578   0.08754653  0.01983929
 -0.06784626  0.03598356 -0.0511187   0.00548409]
survivor: [ 0.02923781  0.07528044  0.07599127 -0.04877087  0.09556703 -0.05542583
  0.07802102 -0.07876286 -0.08031322 -0.01207456]
sole: [-8.0756679e-02 -3.5445645e-02 -2.7573691e-03  4.9527949e-05
 -9.9327058e-02 -6.5581359e-02 -7.2460353e-02 -2.6156045e-03
  4.9676329e-02 -1.9418484e-03]
family: [ 0.1002581  -0.03969009  0.08265989  0.06090239  0.0831646   0.00063905
 -0.00273597  0.02011328 -0.10138123  0.08938306]
mother: [-0.02333773  0.07492385  0.02206314  0.02899208 -0.01219875 -0.09920165
  0.01534854  0.02962304 -0.09965435 -0.0397412 ]
grieving: [-0.02289411 -0.05107727  0.04081518  0.02097566  0.04370796 -0.06488895
 -0.05912449  0.04777372  0.06646745  0.05465612]
Their: [ 0.04877237 -0.07298083  0.08370257 -0.06961104 -0.07626268  0.08487289
 -0.02317892 -0.09304194 -0.0329502   0.05867024]
fighting: [-0.02798554  0.04886154  0.00329409  0.04057719  0.01229302 -0.09349289
 -0.0349597   0.08930222  0.01306589 -0.0601523 ]
father: [ 7.1019068e-02  7.4114464e-02  7.4176982e-02 -2.7430384e-05
 -9.1294318e-02 -3.5392191e-02  5.2526105e-02 -6.4653851e-02
  9.5645905e-02 -9.8398589e-02]
lost: [-0.08029418 -0.05361684  0.06178417 -0.07674595  0.08658693 -0.09892629
  0.03625651  0.0334599  -0.00105243  0.09476998]
month: [ 0.0522822   0.00252625  0.05027778  0.064146    0.03048165  0.0937413
 -0.01189635 -0.08307853 -0.04690158 -0.01603272]
earlier: [-0.07160098 -0.01603364  0.08153757 -0.05042095  0.05156055  0.04321289
 -0.0056326   0.01147544  0.05535702 -0.06760875]
rubble: [ 0.03984675  0.08897429 -0.03354039 -0.07603232 -0.09175721 -0.09022135
  0.03974861  0.05182715  0.06892165 -0.01533246]
block: [ 0.01045839  0.03041426 -0.09747394 -0.09414215  0.04631891 -0.08411948
 -0.03096906 -0.04220889  0.05789939 -0.03523654]
residential: [ 0.10057063  0.005352   -0.05007904 -0.03622475  0.01286872 -0.05379457
  0.07494415  0.09105664  0.04144869 -0.07433721]
reduced: [-0.05919626  0.00031929 -0.00915517 -0.05542002  0.07972492  0.06220608
 -0.04114304  0.02442522  0.05035572  0.02362991]
killed: [ 0.08610424 -0.01315055 -0.06424188 -0.00851608 -0.08292138  0.09815615
 -0.0852604  -0.014252   -0.0295891   0.03105039]
among: [ 0.05035585 -0.08288036 -0.04264085  0.00491592  0.04042403  0.05106765
 -0.01259318 -0.00496281 -0.08020001  0.04471017]
sister: [-0.07589565  0.03247004 -0.03284653 -0.07804064  0.06910894 -0.00476102
 -0.09439728 -0.09275685  0.00435524 -0.08232793]
her: [ 0.03788103  0.03398004  0.0354353  -0.05582182  0.08000217 -0.08992115
  0.07589419 -0.00507107 -0.01664715  0.03875849]
Liubava: [-0.02450364 -0.04457475 -0.02213849 -0.06168181 -0.00334997 -0.05384745
  0.04751324 -0.09408332 -0.04569955 -0.09268924]
two: [-0.09600884 -0.00800924 -0.07907405 -0.05663548  0.02795665 -0.01455963
  0.03231973  0.08385192 -0.09811956  0.06003479]
funeral: [-0.07947513  0.06508459  0.07600865  0.08603872 -0.07942599  0.03319735
 -0.07760715 -0.01160024 -0.05351418 -0.08577143]
held: [ 0.04952956  0.04393978 -0.03908466 -0.07744482  0.03579987 -0.03954991
 -0.08741977 -0.04302314 -0.02367874  0.08688013]
distance: [-0.06441943  0.07296406  0.06292694 -0.04892336 -0.01755883 -0.02525304
  0.03247248 -0.00387418 -0.02957591 -0.09116541]
wailing: [ 6.4405836e-02 -9.6377432e-02 -8.5338242e-02  1.4148784e-02
  3.0024759e-02  4.1332187e-05  4.6670041e-03  2.6403371e-02
  1.6563535e-02  7.5254232e-02]
warnings: [-0.0341971  -0.07255166 -0.07728349  0.0795665   0.01952873 -0.05813221
  0.06511623  0.085281    0.07778845 -0.06901545]
raid: [-0.05130358 -0.02036998 -0.06452986  0.04757271  0.05679549 -0.0601538
  0.07326984 -0.07591229  0.06026898 -0.04683545]
week: [ 0.01977905 -0.03294608  0.03496435  0.0774944  -0.01371113 -0.04983687
 -0.08476589  0.03671249  0.04119219  0.06654854]
